-0.025157232704402517
-0.025157232704402517
-0.025157232704402517
-0.025157232704402517
-0.025157232704402517
-0.025157232704402517
-0.025157232704402517
3.849056603773585
-0.025157232704402517
3.849056603773585
-0.025157232704402517
3.849056603773585
-0.025157232704402517
3.849056603773585
3.8364779874213837
-0.025157232704402517
3.8364779874213837
-0.025157232704402517
3.8364779874213837
3.8364779874213837
-0.025157232704402517
3.8364779874213837
3.8238993710691824
3.8238993710691824
3.8238993710691824
3.8238993710691824
3.8238993710691824
3.8238993710691824
3.811320754716981
3.8238993710691824
3.811320754716981
3.811320754716981
3.811320754716981
3.811320754716981
3.8364779874213837
3.811320754716981
3.79874213836478
3.811320754716981
3.79874213836478
3.79874213836478
3.79874213836478
3.79874213836478
3.8238993710691824
3.79874213836478
3.8238993710691824
3.79874213836478
3.7861635220125787
3.79874213836478
3.811320754716981
3.7861635220125787
3.811320754716981
3.7861635220125787
3.7861635220125787
3.811320754716981
3.7735849056603774
3.7861635220125787
3.811320754716981
3.7735849056603774
3.7861635220125787
3.79874213836478
3.7735849056603774
3.7735849056603774
3.79874213836478
3.7735849056603774
3.7735849056603774
3.79874213836478
3.761006289308176
3.7735849056603774
3.79874213836478
3.761006289308176
3.7735849056603774
3.7861635220125787
3.761006289308176
3.7861635220125787
3.761006289308176
3.761006289308176
3.7861635220125787
3.761006289308176
3.748427672955975
3.761006289308176
3.7861635220125787
3.748427672955975
3.7735849056603774
3.761006289308176
3.748427672955975
3.7735849056603774
3.748427672955975
3.748427672955975
3.7735849056603774
3.748427672955975
3.7358490566037736
3.7735849056603774
3.748427672955975
3.7358490566037736
3.7735849056603774
3.748427672955975
3.7358490566037736
3.761006289308176
3.7358490566037736
3.7358490566037736
3.761006289308176
3.7358490566037736
3.7232704402515724
3.761006289308176
3.7358490566037736
3.7232704402515724
3.761006289308176
3.7358490566037736
3.7232704402515724
3.748427672955975
3.7232704402515724
3.7232704402515724
3.748427672955975
3.7232704402515724
3.710691823899371
3.748427672955975
3.7232704402515724
3.710691823899371
3.748427672955975
3.7232704402515724
3.710691823899371
3.7358490566037736
3.710691823899371
3.7358490566037736
3.69811320754717
3.7358490566037736
3.69811320754717
3.7358490566037736
3.69811320754717
3.69811320754717
3.69811320754717
3.69811320754717
3.6855345911949686
3.69811320754717
3.6855345911949686
3.69811320754717
3.6855345911949686
3.6855345911949686
3.6855345911949686
3.6855345911949686
3.710691823899371
3.6729559748427674
3.6855345911949686
3.710691823899371
3.6729559748427674
3.6855345911949686
3.710691823899371
3.6729559748427674
3.6729559748427674
3.69811320754717
3.6729559748427674
3.6729559748427674
3.69811320754717
3.660377358490566
3.6729559748427674
3.69811320754717
3.660377358490566
3.69811320754717
3.6729559748427674
3.660377358490566
3.660377358490566
3.6855345911949686
3.660377358490566
3.660377358490566
3.6855345911949686
0.46540880503144655
0.46540880503144655
3.6855345911949686
3.660377358490566
3.647798742138365
0.46540880503144655
3.6855345911949686
3.660377358490566
3.647798742138365
0.4528301886792453
3.6729559748427674
3.647798742138365
0.4276729559748428
3.647798742138365
3.6729559748427674
3.3710691823899372
0.4025157232704403
3.6729559748427674
3.647798742138365
3.3710691823899372
3.6352201257861636
0.36477987421383645
3.6729559748427674
3.647798742138365
3.3710691823899372
0.33962264150943394
3.6352201257861636
3.660377358490566
3.3710691823899372
0.3018867924528302
3.6352201257861636
3.660377358490566
3.3710691823899372
3.358490566037736
0.25157232704402516
3.6352201257861636
3.660377358490566
3.3710691823899372
3.358490566037736
0.20125786163522014
3.660377358490566
3.6352201257861636
3.358490566037736
0.13836477987421383
3.6226415094339623
3.358490566037736
3.647798742138365
0.012578616352201259
3.6226415094339623
3.358490566037736
3.647798742138365
3.3459119496855347
0.012578616352201259
3.6226415094339623
3.647798742138365
3.358490566037736
0.012578616352201259
3.3459119496855347
3.6226415094339623
3.647798742138365
0.012578616352201259
3.3459119496855347
3.610062893081761
3.6352201257861636
3.3333333333333335
0.012578616352201259
3.610062893081761
3.3459119496855347
3.6352201257861636
3.3710691823899372
3.3333333333333335
0.012578616352201259
3.610062893081761
3.6352201257861636
3.3710691823899372
3.3333333333333335
3.59748427672956
0.012578616352201259
3.3333333333333335
3.3710691823899372
3.6352201257861636
3.59748427672956
0.012578616352201259
3.59748427672956
3.3333333333333335
3.3710691823899372
3.3207547169811322
3.6226415094339623
0.012578616352201259
3.59748427672956
3.3333333333333335
3.358490566037736
3.6226415094339623
3.3207547169811322
0.012578616352201259
3.59748427672956
3.358490566037736
3.3207547169811322
3.6226415094339623
3.5849056603773586
0.012578616352201259
3.3207547169811322
3.358490566037736
3.59748427672956
3.6226415094339623
3.308176100628931
3.5849056603773586
0.012578616352201259
3.3207547169811322
3.5849056603773586
3.358490566037736
3.610062893081761
3.308176100628931
3.5723270440251573
3.5849056603773586
3.3459119496855347
3.3207547169811322
3.610062893081761
0.012578616352201259
3.5723270440251573
3.3459119496855347
3.308176100628931
3.610062893081761
3.5849056603773586
3.5723270440251573
3.308176100628931
3.3459119496855347
3.610062893081761
3.5723270440251573
3.2955974842767297
3.5723270440251573
3.308176100628931
3.5723270440251573
3.3333333333333335
3.59748427672956
3.2955974842767297
3.559748427672956
3.3333333333333335
3.59748427672956
3.5723270440251573
3.2955974842767297
3.559748427672956
3.2955974842767297
3.3333333333333335
3.59748427672956
3.5723270440251573
3.2830188679245285
3.559748427672956
3.2955974842767297
3.3333333333333335
3.59748427672956
3.559748427672956
3.2830188679245285
3.559748427672956
3.2955974842767297
3.559748427672956
3.3207547169811322
3.5849056603773586
3.2830188679245285
3.3207547169811322
3.5849056603773586
3.2830188679245285
3.559748427672956
3.270440251572327
3.2830188679245285
3.5849056603773586
3.3207547169811322
3.559748427672956
3.270440251572327
3.547169811320755
3.2830188679245285
3.5849056603773586
3.3207547169811322
3.547169811320755
3.270440251572327
3.547169811320755
3.5723270440251573
3.270440251572327
3.308176100628931
3.547169811320755
3.5345911949685536
3.270440251572327
3.5723270440251573
3.308176100628931
3.547169811320755
3.257861635220126
3.5345911949685536
3.270440251572327
3.5723270440251573
3.308176100628931
3.257861635220126
3.547169811320755
3.5345911949685536
3.270440251572327
3.5723270440251573
3.5345911949685536
3.308176100628931
3.257861635220126
3.257861635220126
3.559748427672956
3.5345911949685536
3.2955974842767297
3.2452830188679247
3.257861635220126
3.559748427672956
3.2955974842767297
3.5345911949685536
3.2452830188679247
3.5220125786163523
3.257861635220126
3.559748427672956
3.2955974842767297
3.5345911949685536
3.2452830188679247
3.5220125786163523
3.2830188679245285
3.5220125786163523
3.257861635220126
3.559748427672956
3.2327044025157234
3.2830188679245285
3.5220125786163523
3.2452830188679247
3.547169811320755
3.2327044025157234
3.509433962264151
3.2830188679245285
3.2452830188679247
3.5220125786163523
3.547169811320755
3.2327044025157234
3.509433962264151
3.2830188679245285
3.2452830188679247
3.547169811320755
3.509433962264151
3.2327044025157234
3.270440251572327
3.509433962264151
3.2327044025157234
3.547169811320755
3.220125786163522
3.270440251572327
3.509433962264151
3.2327044025157234
3.5345911949685536
3.220125786163522
3.49685534591195
3.270440251572327
3.509433962264151
3.2327044025157234
3.5345911949685536
3.220125786163522
3.49685534591195
0.9559748427672956
3.5345911949685536
3.270440251572327
3.49685534591195
3.2327044025157234
3.207547169811321
3.257861635220126
3.49685534591195
3.220125786163522
3.5345911949685536
3.207547169811321
3.4842767295597485
3.257861635220126
3.49685534591195
3.220125786163522
3.5220125786163523
0.9559748427672956
3.207547169811321
3.4842767295597485


-0.025157232704402517
-0.16352201257861634
-0.22641509433962265
-0.27672955974842767
-0.31446540880503143
-0.3522012578616352
-0.37735849056603776
0.2389937106918239
-0.41509433962264153
0.2389937106918239
-0.44025157232704404
0.2389937106918239
-0.46540880503144655
0.2389937106918239
-0.012578616352201259
-0.4779874213836478
0.2389937106918239
-0.4779874213836478
0.2389937106918239
0.2389937106918239
-0.4779874213836478
0.2389937106918239
-0.012578616352201259
0.2389937106918239
-0.012578616352201259
0.2389937106918239
-0.012578616352201259
0.2389937106918239
-0.012578616352201259
0.2389937106918239
-0.012578616352201259
0.2389937106918239
-0.012578616352201259
0.2389937106918239
0.49056603773584906
0.2389937106918239
-0.012578616352201259
0.2389937106918239
-0.012578616352201259
0.2389937106918239
-0.012578616352201259
0.2389937106918239
0.49056603773584906
0.2389937106918239
0.49056603773584906
0.2389937106918239
-0.012578616352201259
0.2389937106918239
0.49056603773584906
0.2389937106918239
0.49056603773584906
-0.012578616352201259
0.2389937106918239
0.49056603773584906
-0.012578616352201259
0.2389937106918239
0.49056603773584906
-0.012578616352201259
0.2389937106918239
0.49056603773584906
-0.012578616352201259
0.2389937106918239
0.49056603773584906
-0.012578616352201259
0.2389937106918239
0.49056603773584906
-0.012578616352201259
0.2389937106918239
0.49056603773584906
-0.012578616352201259
0.2389937106918239
0.49056603773584906
-0.012578616352201259
0.49056603773584906
0.2389937106918239
-0.012578616352201259
0.49056603773584906
0.2389937106918239
-0.012578616352201259
0.2389937106918239
0.49056603773584906
-0.012578616352201259
0.49056603773584906
0.2389937106918239
-0.012578616352201259
0.49056603773584906
0.2389937106918239
-0.012578616352201259
0.49056603773584906
0.2389937106918239
-0.012578616352201259
0.49056603773584906
0.2389937106918239
-0.012578616352201259
0.49056603773584906
0.2389937106918239
-0.012578616352201259
0.49056603773584906
0.2389937106918239
-0.012578616352201259
0.49056603773584906
0.2389937106918239
-0.012578616352201259
0.49056603773584906
0.2389937106918239
-0.012578616352201259
0.49056603773584906
0.2389937106918239
-0.012578616352201259
0.49056603773584906
0.2389937106918239
-0.012578616352201259
0.49056603773584906
0.2389937106918239
-0.012578616352201259
0.49056603773584906
0.2389937106918239
-0.012578616352201259
0.49056603773584906
0.2389937106918239
-0.012578616352201259
0.49056603773584906
-0.012578616352201259
0.49056603773584906
-0.012578616352201259
0.49056603773584906
-0.012578616352201259
0.49056603773584906
-0.012578616352201259
0.25157232704402516
-0.012578616352201259
0.25157232704402516
-0.012578616352201259
0.25157232704402516
-0.012578616352201259
0.25157232704402516
-0.012578616352201259
0.25157232704402516
-0.012578616352201259
0.25157232704402516
0.5031446540880503
-0.012578616352201259
0.25157232704402516
0.5031446540880503
-0.012578616352201259
0.25157232704402516
0.5031446540880503
-0.012578616352201259
0.25157232704402516
0.5031446540880503
-0.012578616352201259
0.25157232704402516
0.5031446540880503
-0.012578616352201259
0.25157232704402516
0.5031446540880503
-0.012578616352201259
0.5031446540880503
0.25157232704402516
-0.012578616352201259
0.25157232704402516
0.5031446540880503
-0.012578616352201259
0.25157232704402516
0.5031446540880503
-0.025157232704402517
-0.025157232704402517
0.5031446540880503
0.25157232704402516
-0.012578616352201259
-0.025157232704402517
0.5031446540880503
0.25157232704402516
-0.012578616352201259
-0.025157232704402517
0.5031446540880503
0.25157232704402516
-0.025157232704402517
0.25157232704402516
0.5031446540880503
-0.012578616352201259
-0.025157232704402517
0.5031446540880503
0.25157232704402516
-0.012578616352201259
-0.012578616352201259
-0.025157232704402517
0.5031446540880503
0.25157232704402516
0.2641509433962264
-0.025157232704402517
0.25157232704402516
0.5031446540880503
0.2641509433962264
-0.025157232704402517
0.25157232704402516
0.5031446540880503
0.27672955974842767
-0.012578616352201259
-0.025157232704402517
0.25157232704402516
0.5031446540880503
0.27672955974842767
-0.012578616352201259
-0.025157232704402517
0.5031446540880503
0.25157232704402516
0.27672955974842767
-0.025157232704402517
0.25157232704402516
0.27672955974842767
0.5031446540880503
-0.025157232704402517
0.25157232704402516
0.27672955974842767
0.5031446540880503
-0.012578616352201259
-0.16352201257861634
0.25157232704402516
0.5031446540880503
0.27672955974842767
-0.22641509433962265
0.27672955974842767
0.25157232704402516
0.5031446540880503
-0.27672955974842767
0.27672955974842767
0.25157232704402516
0.5031446540880503
-0.012578616352201259
-0.31446540880503143
0.25157232704402516
0.27672955974842767
0.5031446540880503
0.5534591194968553
-0.012578616352201259
-0.3522012578616352
0.25157232704402516
0.5031446540880503
0.5534591194968553
0.27672955974842767
-0.012578616352201259
-0.37735849056603776
0.27672955974842767
0.5534591194968553
0.5031446540880503
0.25157232704402516
-0.41509433962264153
0.25157232704402516
0.27672955974842767
0.5534591194968553
-0.012578616352201259
0.5031446540880503
-0.44025157232704404
0.25157232704402516
0.27672955974842767
0.5534591194968553
0.5031446540880503
-0.012578616352201259
-0.46540880503144655
0.25157232704402516
0.5534591194968553
0.27672955974842767
0.5157232704402516
-0.012578616352201259
-0.4779874213836478
0.27672955974842767
0.5534591194968553
0.25157232704402516
0.5157232704402516
-0.012578616352201259
-0.012578616352201259
-0.4779874213836478
0.27672955974842767
0.25157232704402516
0.5534591194968553
0.5157232704402516
-0.012578616352201259
-0.012578616352201259
0.25157232704402516
0.5534591194968553
0.27672955974842767
0.5157232704402516
-0.4779874213836478
-0.012578616352201259
0.5534591194968553
0.27672955974842767
0.5157232704402516
0.25157232704402516
-0.012578616352201259
0.27672955974842767
0.5534591194968553
0.5157232704402516
0.25157232704402516
-0.012578616352201259
-0.012578616352201259
0.27672955974842767
0.25157232704402516
0.5534591194968553
0.5157232704402516
-0.012578616352201259
-0.012578616352201259
0.5534591194968553
0.5157232704402516
0.25157232704402516
0.27672955974842767
-0.012578616352201259
0.27672955974842767
0.5534591194968553
0.5157232704402516
0.25157232704402516
-0.012578616352201259
-0.012578616352201259
0.27672955974842767
0.5534591194968553
0.5157232704402516
0.25157232704402516
-0.012578616352201259
-0.012578616352201259
0.27672955974842767
0.25157232704402516
0.5534591194968553
0.5157232704402516
-0.012578616352201259
0.5534591194968553
0.5157232704402516
0.27672955974842767
0.25157232704402516
-0.012578616352201259
0.27672955974842767
0.5157232704402516
0.5534591194968553
0.25157232704402516
-0.012578616352201259
-0.012578616352201259
0.27672955974842767
0.5157232704402516
0.5534591194968553
0.25157232704402516
-0.012578616352201259
-0.012578616352201259
0.5157232704402516
0.27672955974842767
0.5534591194968553
0.25157232704402516
-0.012578616352201259
0.27672955974842767
0.5157232704402516
0.5534591194968553
0.25157232704402516
-0.012578616352201259
-0.012578616352201259
0.27672955974842767
0.5157232704402516
0.5534591194968553
-0.012578616352201259
0.25157232704402516
-0.012578616352201259
0.27672955974842767
0.5157232704402516
0.2641509433962264
0.5534591194968553
-0.012578616352201259
0.27672955974842767
0.5157232704402516
0.2641509433962264
0.5660377358490566
-0.012578616352201259
0.27672955974842767
0.5157232704402516
0.5660377358490566
0.2641509433962264
-0.012578616352201259
-0.012578616352201259
0.27672955974842767
0.5157232704402516
0.5660377358490566
0.2641509433962264
-0.012578616352201259
-0.012578616352201259
0.5660377358490566
0.2641509433962264
0.27672955974842767
0.5157232704402516
-0.012578616352201259
0.5660377358490566
0.2641509433962264
0.27672955974842767
0.5157232704402516
-0.012578616352201259
-0.012578616352201259
0.5660377358490566
0.27672955974842767
0.2641509433962264
0.5157232704402516
-0.012578616352201259
-0.012578616352201259
0.5660377358490566
0.27672955974842767
0.5157232704402516
0.2641509433962264
-0.012578616352201259
0.5660377358490566
0.2641509433962264
0.27672955974842767
0.5157232704402516
-0.012578616352201259
0.5660377358490566
0.2641509433962264
0.27672955974842767
0.5283018867924528
-0.012578616352201259
-0.012578616352201259
0.5660377358490566
0.2641509433962264
0.2893081761006289
0.5283018867924528
-0.012578616352201259
-0.012578616352201259
-0.025157232704402517
0.5283018867924528
0.5660377358490566
0.2641509433962264
0.2893081761006289
-0.012578616352201259
0.5660377358490566
0.2641509433962264
0.2893081761006289
0.5283018867924528
-0.012578616352201259
-0.012578616352201259
0.5660377358490566
0.2641509433962264
0.2893081761006289
0.5283018867924528
-0.025157232704402517
-0.012578616352201259
-0.012578616352201259
